1088 1059
1040 1040
1073 1008
979 1036
1001 1003
1110 1086
1014 1034
1027 1044
1042 1059
1031 1007
1044 1012
1050 1051
982 979
1054 1025
1028 1033
1027 1007
1052 1043
1042 1007
984 1033
1040 1049
1012 1032
1046 1017
1012 1031
1004 1029
1044 995
1021 1039
1038 1060
1039 1000
1004 1026
1018 1050
1008 1072
1021 1044
1046 1040
1027 1001
1045 1021
1025 1027
1015 999
1053 1025
1018 1028
1031 981
1018 1011
1022 1034
1023 1041
1044 1042
1002 1003
1038 1012
1034 1008
1027 1003
1044 1039
1000 1011
1009 1028
1031 1003
1017 1016
1046 968
1031 1006
1022 1039
1018 1012
1002 999
1025 1004
1046 1024
1035 988
1006 1040
1020 1021
1037 1048
1022 1075
1028 1048
1025 1051
1031 1008
1002 1027
1048 1020
793 530
1176 536
186 1295
1140 506
1427 1983
1195 1186
969 177
45 280
157 1028
258 1250
1484 1844
886 135
1681 594
178 415
1582 493
751 553
278 523
836 1979
1215 1391
1558 498
1074 981
1021 1061
1011 1003
1050 994
1040 1039
1081 980
1021 953
995 1033
1046 988
1026 1038
